000000
000001
000003
000004
000007
000010
000011
000012
000013
000014
000015
000019
000020
000021
000022
000024
000025
000026
000027
000028
000030
000031
000032
000033
000036
000039
000040
000043
000045
000047
000048
000050
000051
000052
000054
000055
000057
000060
000061
000062
000063
000067
000070
000072
000075
000079
000080
000082
000084
000086
000089
000090
000092
000096
000099
000100
000101
000102
000103
000107
000108
000111
000112
000114
000115
000116
000119
000121
000126
000128
000129
000134
000136
000138
000139
000140
000141
000144
000146
000147
000149
000151
000153
000154
000156
000159
000162
000163
000165
000167
000168
000169
000172
000173
000174
000175
000178
000179
000183
000184
000185
000186
000189
000190
000194
000195
000199
000200
000202
000206
000208
000209
000210
000212
000218
000221
000222
000224
000226
000227
000228
000230
000231
000232
000233
000236
000237
000242
000246
000247
000252
000253
000255
000259
000266
000269
000272
000275
000276
000277
000278
000279
000284
000285
000288
000294
000295
000297
000299
000301
000305
000308
000311
000312
000315
000317
000318
000319
000320
000321
000322
000324
000328
000329
000333
000335
000336
000338
000339
000343
000345
000348
000350
000351
000353
000354
000355
000356
000357
000359
000363
000368
000370
000371
000372
000373
000377
000378
000379
000381
000382
000383
000384
000385
000387
000391
000393
000394
000397
000398
000400
000401
000404
000408
000412
000415
000416
000421
000424
000426
000427
000430
000433
000435
000436
000438
000441
000442
000444
000445
000447
000448
000449
000450
000454
000459
000460
000464
000465
000466
000467
000469
000470
000471
000475
000476
000477
000478
000479
000480
000482
000483
000485
000488
000491
000492
000493
000494
000496
000497
000499
000501
000502
000504
000505
000507
000509
000510
000512
000513
000516
000517
000518
000519
000520
000521
000522
000524
000525
000526
000527
000529
000535
000536
000537
000538
000540
000541
000542
000543
000545
000547
000549
000551
000554
000555
000557
000558
000566
000567
000568
000569
000570
000571
000572
000573
000576
000578
000581
000582
000589
000590
000592
000593
000595
000597
000598
000599
000600
000601
000602
000604
000605
000608
000609
000610
000612
000613
000614
000615
000617
000618
000619
000622
000627
000628
000630
000634
000642
000643
000644
000645
000649
000651
000652
000653
000655
000659
000660
000667
000670
000672
000677
000678
000679
000681
000683
000686
000689
000690
000693
000694
000699
000703
000704
000705
000706
000709
000711
000712
000713
000715
000718
000720
000721
000723
000724
000725
000726
000728
000730
000732
000734
000735
000736
000737
000738
000739
000746
000749
000750
000752
000753
000755
000759
000760
000762
000763
000764
000765
000768
000769
000770
000772
000773
000775
000779
000782
000783
000784
000787
000789
000791
000794
000795
000797
000799
000801
000802
000803
000804
000805
000807
000809
000812
000813
000817
000818
000820
000822
000823
000824
000826
000829
000830
000835
000838
000840
000841
000842
000843
000846
000847
000850
000852
000854
000859
000860
000862
000864
000865
000869
000872
000873
000874
000877
000878
000880
000881
000883
000885
000886
000889
000891
000892
000894
000895
000897
000900
000902
000903
000906
000907
000909
000910
000912
000913
000914
000915
000918
000919
000925
000926
000927
000928
000930
000931
000935
000936
000937
000940
000941
000943
000944
000949
000950
000952
000953
000954
000955
000956
000957
000960
000961
000962
000964
000965
000966
000968
000969
000973
000975
000979
000981
000984
000985
000986
000988
000990
000991
000992
000993
000994
000996
000997
000999
001000
001001
001005
001010
001011
001012
001013
001014
001016
001020
001022
001023
001024
001027
001031
001033
001034
001036
001037
001038
001039
001041
001047
001048
001051
001052
001053
001059
001060
001061
001062
001064
001065
001066
001070
001071
001073
001075
001079
001080
001081
001088
001091
001095
001096
001099
001100
001102
001103
001104
001107
001108
001109
001111
001116
001117
001118
001119
001122
001123
001125
001128
001129
001130
001132
001134
001135
001137
001138
001140
001141
001143
001147
001148
001149
001150
001152
001153
001154
001158
001159
001160
001161
001166
001167
001170
001171
001173
001174
001175
001178
001179
001180
001182
001184
001187
001189
001190
001193
001195
001197
001198
001199
001201
001203
001208
001209
001214
001221
001222
001225
001227
001228
001231
001233
001234
001235
001237
001238
001239
001240
001241
001243
001244
001245
001248
001253
001254
001258
001259
001260
001263
001264
001266
001270
001274
001278
001281
001282
001283
001284
001285
001288
001291
001292
001308
001312
001314
001315
001318
001319
001320
001322
001323
001327
001328
001330
001333
001335
001337
001339
001342
001346
001347
001351
001355
001356
001357
001360
001361
001362
001365
001369
001370
001372
001373
001375
001376
001379
001380
001381
001382
001386
001387
001388
001389
001393
001394
001395
001397
001398
001399
001401
001405
001406
001407
001410
001411
001412
001413
001415
001416
001419
001421
001423
001427
001428
001434
001435
001437
001439
001441
001443
001444
001446
001448
001451
001452
001453
001454
001455
001456
001457
001460
001461
001462
001466
001472
001474
001479
001483
001485
001486
001488
001490
001494
001496
001497
001498
001499
001503
001504
001505
001509
001511
001512
001513
001515
001516
001517
001518
001519
001524
001525
001527
001528
001530
001531
001533
001534
001535
001537
001543
001545
001546
001548
001552
001554
001556
001561
001562
001563
001565
001567
001568
001569
001571
001574
001575
001578
001579
001580
001586
001588
001589
001590
001595
001599
001601
001604
001606
001607
001608
001609
001610
001611
001613
001617
001618
001620
001622
001626
001627
001629
001630
001631
001632
001636
001639
001642
001643
001645
001647
001648
001650
001653
001654
001655
001656
001657
001660
001663
001665
001667
001669
001670
001672
001673
001674
001675
001677
001679
001680
001682
001684
001686
001688
001689
001690
001691
001693
001695
001696
001704
001706
001707
001708
001709
001710
001714
001716
001718
001719
001721
001722
001726
001728
001729
001730
001733
001742
001743
001745
001748
001749
001754
001755
001756
001759
001760
001761
001765
001766
001767
001768
001769
001770
001772
001776
001781
001782
001783
001784
001785
001786
001788
001791
001792
001793
001794
001795
001797
001799
001802
001804
001806
001807
001808
001815
001816
001818
001819
001821
001822
001823
001824
001826
001829
001830
001831
001835
001837
001838
001840
001841
001846
001849
001851
001856
001858
001859
001860
001861
001865
001868
001870
001872
001873
001875
001878
001879
001880
001881
001884
001885
001886
001887
001889
001890
001891
001894
001897
001898
001899
001901
001903
001905
001906
001907
001910
001912
001915
001916
001917
001920
001921
001922
001923
001924
001926
001928
001930
001931
001932
001933
001936
001937
001940
001941
001942
001944
001946
001948
001951
001952
001954
001955
001956
001957
001964
001967
001968
001970
001972
001973
001974
001976
001978
001980
001983
001984
001988
001990
001991
001994
001996
001998
002000
002001
002006
002008
002010
002013
002018
002020
002021
002023
002024
002025
002035
002039
002040
002041
002042
002046
002047
002048
002051
002054
002055
002059
002063
002068
002069
002070
002074
002075
002076
002077
002078
002079
002080
002082
002085
002086
002088
002090
002091
002095
002096
002099
002100
002102
002103
002104
002105
002107
002109
002110
002111
002112
002113
002114
002115
002116
002119
002126
002131
002132
002133
002135
002142
002145
002146
002148
002150
002152
002153
002154
002156
002158
002159
002160
002163
002164
002169
002170
002171
002172
002174
002175
002178
002180
002181
002182
002183
002185
002187
002188
002190
002191
002195
002196
002197
002199
002200
002201
002202
002203
002204
002206
002211
002218
002220
002221
002223
002224
002225
002229
002231
002232
002236
002237
002241
002242
002244
002247
002252
002255
002256
002257
002260
002262
002264
002265
002267
002268
002270
002271
002274
002276
002278
002279
002280
002282
002283
002285
002286
002289
002290
002291
002295
002296
002298
002301
002303
002304
002306
002307
002311
002312
002315
002316
002317
002320
002321
002323
002324
002325
002328
002334
002336
002337
002338
002339
002341
002342
002346
002347
002350
002352
002353
002354
002355
002356
002357
002359
002360
002361
002362
002363
002365
002369
002378
002380
002382
002383
002387
002391
002392
002394
002395
002396
002397
002398
002401
002403
002405
002407
002409
002410
002415
002417
002418
002419
002420
002421
002425
002428
002431
002433
002435
002438
002440
002441
002448
002449
002450
002452
002453
002454
002455
002456
002458
002462
002465
002466
002469
002474
002475
002476
002478
002479
002480
002482
002483
002485
002497
002498
002499
002500
002501
002507
002508
002510
002511
002513
002516
002518
002519
002521
002528
002529
002530
002533
002534
002535
002536
002537
002538
002540
002543
002545
002546
002547
002549
002550
002551
002552
002553
002556
002557
002564
002567
002569
002570
002586
002589
002590
002597
002600
002601
002603
002606
002607
002609
002611
002613
002617
002618
002625
002628
002631
002633
002634
002636
002637
002640
002641
002642
002643
002644
002646
002648
002649
002650
002652
002655
002656
002658
002660
002664
002667
002670
002673
002674
002678
002679
002682
002684
002688
002689
002690
002691
002692
002693
002696
002699
002701
002703
002704
002708
002710
002711
002717
002718
002719
002724
002725
002727
002728
002729
002731
002732
002733
002735
002737
002738
002740
002742
002744
002746
002748
002751
002752
002753
002754
002756
002757
002759
002760
002761
002762
002764
002766
002767
002769
002772
002773
002774
002778
002779
002780
002781
002782
002788
002790
002793
002794
002795
002800
002802
002805
002806
002807
002809
002812
002813
002815
002816
002817
002818
002824
002831
002832
002834
002836
002839
002840
002842
002844
002845
002848
002851
002853
002854
002857
002862
002863
002864
002865
002867
002868
002870
002872
002874
002878
002879
002880
002881
002882
002884
002885
002886
002888
002889
002891
002896
002897
002898
002899
002903
002904
002906
002910
002911
002913
002914
002915
002919
002920
002921
002923
002924
002925
002927
002929
002930
002932
002933
002935
002936
002938
002941
002942
002943
002948
002949
002950
002955
002956
002958
002959
002961
002962
002965
002967
002968
002973
002974
002975
002976
002979
002980
002982
002983
002985
002986
002987
002988
002992
002995
002996
002998
003002
003003
003004
003005
003006
003007
003008
003009
003010
003012
003016
003017
003018
003019
003022
003023
003025
003026
003032
003033
003035
003037
003039
003040
003042
003044
003045
003046
003049
003050
003052
003053
003055
003056
003059
003064
003065
003066
003067
003068
003069
003070
003072
003073
003074
003075
003076
003077
003078
003079
003083
003084
003086
003088
003091
003092
003094
003095
003100
003101
003102
003103
003104
003106
003110
003116
003118
003120
003121
003122
003124
003125
003126
003127
003130
003132
003134
003136
003143
003146
003147
003148
003150
003155
003156
003157
003158
003164
003165
003168
003170
003171
003173
003174
003175
003176
003177
003180
003181
003182
003183
003184
003187
003189
003190
003194
003195
003196
003200
003201
003202
003203
003206
003207
003214
003218
003222
003223
003224
003226
003228
003230
003237
003238
003239
003247
003248
003251
003253
003255
003256
003260
003261
003262
003265
003266
003269
003270
003271
003274
003275
003278
003279
003280
003281
003282
003283
003285
003286
003287
003290
003291
003292
003293
003295
003296
003297
003300
003301
003302
003303
003304
003308
003310
003311
003313
003315
003317
003318
003321
003323
003325
003328
003330
003332
003334
003335
003339
003342
003348
003349
003350
003351
003352
003353
003356
003357
003358
003359
003360
003361
003362
003363
003364
003366
003369
003370
003372
003373
003374
003375
003377
003378
003379
003380
003387
003389
003390
003394
003396
003397
003398
003399
003402
003403
003404
003406
003407
003408
003412
003413
003414
003415
003417
003419
003420
003422
003423
003427
003428
003429
003430
003431
003433
003434
003438
003439
003440
003441
003445
003449
003454
003456
003467
003469
003470
003471
003475
003477
003479
003480
003481
003482
003484
003485
003486
003487
003488
003491
003492
003493
003494
003495
003496
003497
003502
003504
003506
003507
003508
003512
003513
003514
003515
003516
003518
003520
003521
003522
003523
003526
003528
003529
003530
003538
003542
003544
003547
003548
003549
003550
003554
003557
003558
003559
003560
003562
003563
003564
003565
003566
003567
003570
003571
003574
003577
003579
003581
003584
003585
003590
003597
003599
003600
003603
003604
003605
003608
003610
003611
003614
003615
003617
003618
003620
003621
003622
003625
003627
003628
003629
003631
003637
003640
003641
003643
003644
003647
003649
003652
003656
003658
003660
003661
003662
003664
003666
003667
003668
003671
003672
003673
003676
003677
003680
003681
003683
003684
003687
003688
003689
003690
003691
003692
003694
003695
003698
003699
003700
003701
003706
003707
003709
003710
003711
003715
003718
003719
003720
003721
003722
003723
003726
003727
003729
003731
003734
003736
003737
003740
003743
003744
003745
003747
003748
003749
003751
003752
003755
003756
003758
003763
003764
003765
003767
003769
003770
003772
003773
003774
003778
003781
003782
003783
003784
003785
003786
003790
003799
003800
003802
003804
003805
003807
003808
003809
003811
003813
003814
003817
003819
003822
003828
003830
003831
003832
003833
003834
003836
003837
003839
003840
003841
003847
003848
003849
003851
003852
003853
003854
003855
003859
003861
003863
003867
003868
003872
003873
003879
003880
003882
003883
003887
003889
003890
003891
003892
003894
003895
003898
003900
003901
003903
003904
003916
003917
003918
003919
003920
003921
003924
003927
003930
003935
003941
003942
003943
003945
003946
003947
003949
003951
003952
003956
003957
003959
003962
003964
003965
003969
003970
003972
003973
003977
003978
003979
003981
003983
003984
003985
003986
003988
003989
003993
003999
004002
004003
004005
004006
004009
004010
004011
004013
004015
004016
004019
004023
004024
004025
004026
004028
004031
004034
004035
004036
004037
004038
004039
004044
004045
004046
004048
004049
004052
004054
004055
004056
004060
004062
004063
004066
004068
004069
004071
004072
004073
004075
004076
004077
004078
004080
004082
004083
004084
004086
004087
004088
004089
004093
004094
004095
004096
004097
004098
004099
004102
004106
004109
004110
004111
004112
004113
004114
004115
004116
004118
004119
004121
004126
004127
004128
004139
004140
004144
004146
004148
004150
004151
004153
004155
004156
004157
004162
004163
004165
004169
004176
004177
004181
004182
004186
004188
004189
004193
004194
004195
004196
004199
004200
004202
004203
004204
004206
004208
004210
004212
004214
004215
004221
004222
004223
004224
004229
004230
004233
004234
004236
004238
004239
004242
004243
004244
004245
004246
004250
004254
004255
004259
004260
004261
004262
004265
004266
004269
004270
004271
004277
004282
004285
004287
004288
004289
004291
004293
004295
004297
004298
004301
004302
004303
004304
004305
004306
004307
004308
004310
004313
004314
004317
004318
004319
004322
004323
004327
004328
004332
004333
004335
004338
004340
004341
004343
004344
004347
004349
004350
004352
004354
004355
004359
004363
004364
004365
004366
004368
004373
004377
004378
004382
004383
004384
004386
004387
004390
004391
004392
004393
004394
004396
004398
004399
004400
004401
004402
004403
004408
004409
004411
004412
004413
004416
004417
004419
004420
004422
004423
004424
004425
004426
004427
004429
004430
004431
004432
004436
004438
004440
004441
004442
004445
004447
004448
004452
004453
004455
004456
004459
004461
004462
004464
004465
004474
004476
004479
004481
004482
004483
004485
004488
004490
004491
004492
004497
004500
004503
004506
004508
004509
004510
004512
004515
004518
004519
004521
004527
004528
004530
004531
004532
004533
004534
004535
004536
004537
004539
004541
004542
004543
004546
004548
004553
004554
004555
004559
004560
004565
004567
004569
004570
004571
004572
004574
004576
004579
004581
004584
004585
004587
004588
004592
004594
004597
004599
004602
004604
004605
004606
004607
004610
004615
004616
004617
004618
004619
004620
004622
004624
004627
004629
004632
004636
004637
004640
004646
004648
004649
004650
004651
004652
004654
004657
004658
004661
004663
004664
004666
004667
004668
004673
004676
004677
004681
004682
004683
004684
004685
004687
004688
004690
004692
004693
004694
004696
004699
004700
004703
004704
004707
004709
004710
004711
004712
004714
004715
004716
004717
004721
004723
004724
004726
004728
004730
004731
004732
004734
004737
004739
004740
004742
004744
004745
004747
004749
004750
004751
004753
004754
004755
004756
004757
004758
004759
004763
004765
004766
004767
004773
004774
004778
004779
004780
004785
004787
004788
004790
004792
004794
004799
004800
004803
004804
004805
004806
004807
004814
004817
004819
004820
004821
004824
004827
004828
004829
004832
004834
004837
004838
004840
004842
004843
004846
004847
004857
004858
004859
004860
004861
004862
004864
004865
004866
004871
004873
004875
004878
004880
004881
004883
004884
004886
004887
004892
004899
004901
004902
004907
004908
004909
004910
004911
004912
004913
004914
004917
004918
004919
004920
004922
004924
004926
004929
004931
004933
004934
004935
004936
004938
004940
004947
004948
004949
004951
004952
004954
004959
004960
004963
004964
004965
004966
004967
004968
004970
004971
004980
004981
004982
004983
004987
004995
004997
004998
005006
005007
005008
005009
005010
005011
005014
005017
005018
005019
005020
005024
005027
005030
005033
005034
005035
005036
005038
005040
005042
005044
005045
005046
005049
005051
005052
005055
005056
005057
005059
005062
005064
005066
005067
005070
005072
005074
005076
005077
005080
005081
005082
005083
005084
005085
005088
005089
005091
005092
005093
005094
005095
005096
005098
005099
005100
005101
005103
005105
005106
005107
005108
005109
005111
005117
005118
005124
005125
005127
005129
005131
005132
005133
005135
005140
005141
005143
005144
005148
005149
005150
005151
005152
005153
005159
005160
005163
005165
005169
005170
005171
005174
005175
005176
005178
005179
005181
005184
005185
005186
005187
005189
005190
005192
005193
005195
005196
005197
005199
005200
005202
005203
005205
005206
005207
005209
005211
005212
005215
005216
005219
005220
005222
005224
005225
005229
005232
005233
005236
005237
005238
005240
005242
005243
005244
005246
005248
005249
005252
005255
005256
005257
005259
005260
005261
005262
005263
005266
005269
005272
005278
005280
005282
005284
005286
005287
005289
005291
005292
005295
005296
005297
005300
005302
005306
005307
005312
005318
005322
005326
005327
005330
005334
005335
005336
005337
005339
005341
005353
005361
005363
005364
005366
005367
005368
005369
005370
005372
005373
005375
005377
005378
005379
005380
005382
005387
005389
005390
005396
005397
005398
005400
005402
005403
005407
005409
005410
005411
005412
005414
005415
005417
005418
005421
005424
005425
005427
005428
005429
005430
005432
005434
005436
005437
005439
005443
005444
005447
005448
005450
005451
005453
005455
005460
005465
005466
005469
005474
005475
005476
005477
005478
005480
005481
005482
005483
005484
005486
005489
005490
005492
005494
005496
005497
005499
005500
005504
005505
005506
005509
005510
005511
005513
005515
005516
005519
005520
005521
005524
005525
005526
005531
005536
005537
005538
005539
005541
005542
005546
005549
005550
005555
005557
005559
005561
005564
005565
005568
005569
005570
005572
005573
005574
005575
005576
005579
005580
005582
005586
005591
005593
005594
005596
005598
005600
005602
005603
005605
005607
005611
005612
005613
005616
005618
005619
005620
005621
005623
005626
005628
005633
005634
005635
005638
005640
005642
005644
005645
005646
005648
005649
005650
005651
005653
005655
005657
005661
005666
005671
005674
005675
005677
005678
005679
005685
005687
005691
005694
005699
005700
005701
005704
005706
005709
005712
005713
005716
005720
005723
005726
005728
005729
005730
005732
005736
005737
005748
005752
005757
005758
005759
005763
005765
005766
005769
005770
005772
005773
005774
005777
005779
005780
005781
005783
005785
005787
005789
005790
005791
005799
005800
005801
005802
005809
005810
005812
005813
005815
005817
005818
005819
005820
005822
005827
005829
005830
005832
005833
005834
005835
005844
005845
005847
005848
005849
005851
005858
005859
005860
005861
005862
005863
005864
005866
005867
005872
005876
005877
005879
005881
005882
005883
005884
005887
005888
005890
005892
005893
005895
005897
005901
005907
005908
005909
005910
005911
005912
005914
005916
005918
005919
005921
005926
005927
005930
005932
005934
005938
005941
005942
005943
005945
005947
005949
005950
005952
005953
005954
005956
005957
005958
005959
005961
005963
005964
005965
005966
005969
005973
005974
005975
005976
005977
005980
005982
005988
005989
005990
005991
005994
005995
005996
005997
005998
005999
006000
006001
006003
006006
006008
006011
006014
006016
006019
006020
006021
006023
006025
006026
006028
006030
006032
006034
006037
006038
006039
006044
006048
006050
006052
006053
006057
006058
006062
006065
006066
006071
006073
006076
006079
006080
006081
006086
006089
006090
006093
006095
006096
006100
006101
006102
006104
006106
006111
006114
006116
006117
006118
006120
006121
006123
006124
006127
006128
006131
006132
006133
006134
006135
006137
006139
006141
006143
006144
006146
006150
006158
006159
006160
006162
006163
006164
006165
006167
006170
006172
006174
006179
006182
006184
006188
006189
006190
006193
006194
006195
006201
006204
006205
006206
006208
006209
006210
006213
006215
006219
006223
006224
006225
006227
006229
006231
006232
006235
006236
006237
006239
006241
006242
006246
006248
006249
006251
006253
006259
006260
006264
006266
006269
006271
006272
006273
006275
006277
006281
006284
006288
006289
006290
006291
006292
006294
006296
006300
006302
006303
006306
006307
006308
006310
006311
006312
006313
006314
006315
006316
006319
006321
006322
006323
006324
006326
006327
006328
006329
006330
006331
006333
006334
006337
006340
006341
006343
006344
006347
006348
006350
006351
006353
006354
006359
006360
006361
006365
006367
006369
006371
006373
006374
006375
006377
006378
006382
006383
006386
006389
006391
006392
006393
006395
006397
006398
006400
006401
006402
006404
006405
006406
006407
006408
006410
006414
006415
006416
006418
006419
006420
006424
006425
006427
006429
006431
006433
006434
006435
006437
006439
006445
006449
006450
006453
006458
006461
006463
006464
006467
006468
006474
006478
006480
006481
006482
006487
006488
006490
006492
006493
006495
006499
006505
006507
006508
006509
006513
006514
006515
006517
006518
006519
006520
006522
006523
006524
006525
006526
006528
006529
006536
006539
006541
006544
006545
006547
006548
006550
006551
006552
006555
006556
006557
006558
006560
006562
006563
006564
006566
006571
006578
006580
006581
006583
006584
006587
006592
006596
006598
006600
006602
006605
006606
006607
006610
006611
006612
006614
006617
006619
006622
006624
006625
006628
006630
006634
006635
006636
006638
006639
006641
006646
006647
006648
006651
006652
006656
006659
006660
006661
006669
006670
006671
006672
006674
006675
006678
006679
006680
006682
006683
006684
006685
006686
006687
006688
006690
006692
006695
006699
006700
006701
006702
006703
006706
006708
006711
006713
006714
006715
006716
006719
006721
006722
006726
006728
006729
006732
006733
006735
006738
006741
006742
006743
006744
006746
006748
006750
006752
006756
006758
006760
006769
006771
006772
006774
006776
006778
006781
006784
006791
006793
006794
006795
006796
006797
006798
006800
006803
006805
006806
006807
006810
006811
006815
006816
006817
006818
006820
006821
006822
006825
006826
006827
006828
006829
006831
006833
006834
006835
006836
006838
006841
006846
006850
006851
006853
006855
006856
006859
006862
006864
006865
006866
006867
006868
006869
006870
006871
006873
006877
006878
006879
006881
006883
006884
006885
006888
006893
006894
006895
006898
006899
006901
006902
006903
006904
006908
006910
006911
006912
006913
006914
006917
006920
006921
006924
006928
006929
006930
006932
006935
006936
006940
006941
006942
006944
006946
006948
006954
006955
006968
006969
006971
006976
006977
006979
006981
006982
006983
006985
006986
006988
006989
006993
006994
006995
006996
006998
006999
007000
007004
007006
007008
007009
007010
007012
007015
007016
007017
007018
007019
007020
007021
007024
007025
007031
007032
007034
007037
007041
007042
007043
007044
007048
007050
007052
007053
007056
007061
007062
007063
007064
007065
007066
007067
007072
007074
007077
007080
007082
007083
007087
007090
007094
007096
007097
007098
007101
007102
007106
007108
007109
007111
007113
007114
007115
007119
007120
007121
007123
007125
007126
007128
007129
007132
007134
007135
007136
007137
007146
007150
007155
007159
007160
007162
007163
007164
007167
007169
007171
007174
007175
007176
007180
007185
007188
007189
007192
007199
007202
007203
007204
007206
007207
007212
007214
007219
007221
007222
007224
007225
007226
007227
007228
007230
007231
007232
007235
007236
007237
007241
007242
007243
007244
007248
007249
007251
007252
007253
007259
007261
007262
007263
007264
007265
007266
007267
007268
007270
007271
007272
007273
007274
007276
007284
007288
007290
007294
007297
007299
007300
007302
007305
007310
007311
007314
007317
007318
007319
007321
007323
007324
007326
007327
007328
007329
007333
007335
007336
007337
007342
007344
007345
007347
007352
007354
007355
007360
007361
007363
007365
007366
007369
007372
007375
007378
007379
007380
007382
007383
007384
007385
007386
007391
007392
007393
007394
007396
007397
007401
007404
007406
007407
007413
007414
007417
007418
007419
007421
007422
007424
007425
007428
007430
007432
007433
007435
007436
007437
007440
007441
007444
007446
007448
007449
007451
007452
007454
007455
007457
007460
007463
007464
007468
007470
007471
007473
007476
007477
